Current Population: 
13 12 7 6 8 11 10 5 9 4 2 3 14 16 15 17 18 23 24 22 27 28 25 21 19 26 20 29 1 0  TotalDistance:273.514
16 14 15 3 2 6 7 8 11 10 5 9 4 12 13 1 0 17 18 23 24 22 27 28 25 21 19 26 20 29  TotalDistance:255.662
27 28 24 22 23 18 17 29 16 14 15 3 2 6 7 8 11 10 5 9 4 12 13 1 0 19 21 25 26 20  TotalDistance:253.484
25 21 19 26 20 27 28 24 22 23 18 17 29 16 14 15 3 2 6 7 8 11 10 5 9 4 12 13 1 0  TotalDistance:262.413
23 24 22 27 28 25 21 19 26 20 18 17 29 16 14 15 3 2 6 7 8 11 10 5 9 4 12 13 1 0  TotalDistance:264.756
25 21 19 26 20 27 28 24 22 23 18 17 29 16 14 15 3 2 6 7 8 11 10 5 9 4 12 13 1 0  TotalDistance:262.413
16 14 15 3 2 6 7 8 11 10 5 9 4 12 13 1 0 17 18 23 24 22 27 28 25 21 19 26 20 29  TotalDistance:255.662
12 13 7 6 8 11 10 5 9 4 2 3 14 16 15 17 18 23 24 22 27 28 25 21 19 26 20 29 1 0  TotalDistance:275.367
9 5 4 10 11 8 7 6 12 13 15 14 16 17 18 23 24 22 27 28 25 21 19 26 20 29 1 0 3 2  TotalDistance:255.409
1 0 3 2 6 7 8 11 10 5 9 4 12 13 15 14 16 17 18 23 24 22 27 28 25 21 19 26 20 29  TotalDistance:247.217
2 3 14 16 15 13 12 7 6 8 11 10 5 9 4 1 0 17 18 23 24 22 27 28 25 21 19 26 20 29  TotalDistance:281.155
7 6 12 13 11 8 10 5 9 4 2 3 14 16 15 17 18 23 24 22 27 28 25 21 19 26 20 29 1 0  TotalDistance:275.473
20 26 25 21 19 27 28 24 22 23 18 17 29 16 14 15 3 2 6 7 8 11 10 5 9 4 12 13 1 0  TotalDistance:254.634
19 21 25 26 20 27 28 24 22 23 18 17 29 16 14 15 3 2 6 7 8 11 10 5 9 4 12 13 1 0  TotalDistance:253.484
23 24 22 27 28 25 21 19 26 20 18 17 29 16 14 15 3 2 6 7 8 11 10 5 9 4 12 13 1 0  TotalDistance:264.756
***************************************************************************************************
Current Generation=0

After Mutation, Population: 
20 15 21 4 3 5 6 9 12 16 7 14 2 8 10 1 0 11 13 24 22 18 25 27 26 17 19 23 28 29 
6 0 4 13 14 2 3 1 9 5 7 8 12 16 17 19 22 26 28 25 27 23 21 24 20 29 15 18 11 10 
5 1 0 2 6 7 8 11 10 4 9 3 12 13 15 14 16 17 18 23 24 22 27 28 25 21 19 26 20 29 
3 5 10 7 9 11 12 4 0 1 6 8 2 15 14 13 16 23 21 22 29 24 25 27 20 28 19 26 17 18 
22 24 23 21 13 27 29 26 20 25 19 18 28 17 15 16 3 2 6 7 8 11 10 5 9 4 12 14 1 0 
16 21 22 26 23 27 28 25 20 24 19 17 29 15 14 18 12 3 8 5 6 10 9 2 7 4 13 11 1 0 
24 23 16 8 4 11 10 2 13 12 0 9 6 15 14 3 1 19 22 20 27 28 26 21 18 25 17 29 5 7 
21 10 12 3 0 8 18 15 6 14 4 7 5 9 11 2 1 13 16 22 24 23 29 28 25 19 20 27 17 26 
10 18 9 7 20 8 6 2 13 3 4 5 16 14 11 15 12 22 24 23 27 28 26 19 17 25 21 29 1 0 
8 4 2 13 16 14 11 3 10 6 12 7 21 20 18 28 29 23 26 22 25 24 17 19 15 27 5 9 1 0 
29 27 21 13 7 22 23 25 24 26 18 20 16 9 10 1 0 2 4 8 6 5 14 15 17 3 11 12 19 28 
27 28 26 25 23 21 19 29 18 15 14 4 5 6 7 10 11 8 3 9 2 12 13 0 1 16 20 24 22 17 
13 12 11 1 0 4 9 5 7 6 3 8 2 14 16 10 15 22 20 23 28 24 27 29 21 25 18 26 17 19 
3 12 23 7 10 9 11 6 8 5 2 4 17 15 13 16 14 21 24 22 27 28 26 19 18 25 20 29 1 0 
13 6 7 0 3 1 4 8 12 5 9 10 2 14 16 11 15 19 18 23 25 20 27 28 26 21 17 24 22 29 

After Crossover, Population: 
13 12 7 6 8 11 10 5 9 4 2 3 14 16 15 17 18 23 24 22 27 28 25 21 19 26 20 29 1 0 
16 14 15 3 2 6 7 8 11 10 5 9 4 12 13 1 0 17 18 23 24 22 27 28 25 21 19 26 20 29 
27 28 24 22 23 18 17 29 16 14 15 3 2 6 7 8 11 10 5 9 4 12 13 1 0 19 21 25 26 20 
25 21 19 26 20 27 28 24 22 23 18 17 29 16 14 15 3 2 6 7 8 11 10 5 9 4 12 13 1 0 
23 24 22 27 28 25 21 19 26 20 18 17 29 16 14 15 3 2 6 7 8 11 10 5 9 4 12 13 1 0 
25 21 19 26 20 27 28 24 22 23 18 17 29 16 14 15 3 2 6 7 8 11 10 5 9 4 12 13 1 0 
16 14 15 3 2 6 7 8 11 10 5 9 4 12 13 1 0 17 18 23 24 22 27 28 25 21 19 26 20 29 
12 13 7 6 8 11 10 5 9 4 2 3 14 16 15 17 18 23 24 22 27 28 25 21 19 26 20 29 1 0 
9 5 4 10 11 8 7 6 12 13 15 14 16 17 18 23 24 22 27 28 25 21 19 26 20 29 1 0 3 2 
1 0 3 2 6 7 8 11 10 5 9 4 12 13 15 14 16 17 18 23 24 22 27 28 25 21 19 26 20 29 
2 3 14 16 15 13 12 7 6 8 11 10 5 9 4 1 0 17 18 23 24 22 27 28 25 21 19 26 20 29 
7 6 12 13 11 8 10 5 9 4 2 3 14 16 15 17 18 23 24 22 27 28 25 21 19 26 20 29 1 0 
20 26 25 21 19 27 28 24 22 23 18 17 29 16 14 15 3 2 6 7 8 11 10 5 9 4 12 13 1 0 
19 21 25 26 20 27 28 24 22 23 18 17 29 16 14 15 3 2 6 7 8 11 10 5 9 4 12 13 1 0 
23 24 22 27 28 25 21 19 26 20 18 17 29 16 14 15 3 2 6 7 8 11 10 5 9 4 12 13 1 0 
***************************************************************************************************
